TCGA-BA-4074 0 0 0 0 0 0 20.38 207.15  189       20.380 209     180.84
TCGA-BA-4077 0 0 0 0 0 -0.0114 3.019 148.6   -426.699  3.019  147.275 -452.206
TCGA-BA-5558 0 0 0 0 0 0 -.25     149.5     59        0      150     54
TCGA-BB-7863 0 0 0 0 0 0 6.019 17.92   -301.699  6.019  14.92 -327.206
TCGA-BB-7872 0 0 0 0 0 0 216.519 185.92   -416.699  216.519  182.92 -442.206
TCGA-BB-A5HU 0 0 0 0 0 0 2.56  184.253 -401.452  2.56   183.910 -407.168
TCGA-CQ-5331 7.5 0 0 0 0 0 -2.57  48.353 -475.588 -2.57   48.922  -482.04
larynx1    0 0 0 0 0 0 28.6 -33.6 -20 28.6 -27.5 -75
larynx2_2  -5 0 0 0 0 0 -43.6 -28.6 -25 -43.5 -28.5 -70
larynx2_c2  0 0 0 0 0 0 -41.6 -28.7 -21 -41.5 -28.6 -70
larynx7a    0 0 0 0 0 0 -18.4 -2.40 -8 -18.30 -2.30 -60





